   Total           %           a           i           u           e           o
p   2,312,976   0.60     984,460     192,847     445,557     182,551     507,561
t  60,002,817  15.53  16,442,465   5,808,199   9,612,206  11,037,767  17,102,180
k  66,644,942  17.24  20,530,065   9,926,212  17,211,261   6,823,149  12,154,255
s  46,153,365  11.94   7,932,086  16,518,016   9,271,734   8,127,590   4,303,939
h  24,536,108   6.35  12,594,714   3,554,252   3,067,681   1,254,559   4,064,902
b   9,383,168   2.43   2,749,654   1,177,824   2,758,994   1,591,698   1,104,998
d  23,005,066   5.95   9,953,427           0           0   7,744,822   5,306,817
g  20,094,629   5.20  11,996,376   2,009,223   1,210,586   2,328,945   2,549,499
z  12,163,220   3.15   1,384,993   6,550,231   1,644,763   1,646,454     936,779
m  23,748,918   6.14   6,289,027   3,972,466   2,577,386   4,118,162   6,791,877
n  47,766,161  12.36  10,498,607  14,757,618     411,356   2,771,906  19,326,674
r  50,668,968  13.11   6,947,107   6,116,529  28,899,891   5,777,889   2,927,552
j  ----------  -----   3,432,278           0   1,620,066           0   4,484,240
w  ----------  -----   3,777,201           0           0           0           0
pj ----------  -----          95           0      29,907           0     125,380
tj ----------  -----     199,251           0     995,900           0   2,206,487
kj ----------  -----     166,750           0     929,206           0   2,721,853
sj ----------  -----   2,138,138           0   2,858,438           0   3,740,881
hj ----------  -----      53,284           0       3,304           0     577,939
bj ----------  -----         511           0      16,016           0     162,751
gj ----------  -----      59,424           0      15,343           0     937,044
zj ----------  -----     188,263           0   1,482,387           0   2,041,928
mj ----------  -----      14,646           0      15,494           0      33,782
nj ----------  -----       3,087           0     446,886           0      10,406
rj ----------  -----      50,769           0     214,108           0   1,541,224
a  ----------  -----   6,149,909
i  ----------  -----  43,985,426
u  ----------  -----  39,052,254
e  ----------  -----   4,767,153
o  ----------  -----  14,053,377
n  ----------  -----  35,719,268
r  ----------  -----   3,607,169